11111111111111111111
222222222222222222222222
333333333333333333333333333333311111111111111111111
222222222222222222222222
333333333333333333333333333333311111111111111111111
222222222222222222222222
333333333333333333333333333333311111111111111111111
222222222222222222222222
333333333333333333333333333333311111111111111111111
222222222222222222222222
333333333333333333333333333333311111111111111111111
222222222222222222222222
333333333333333333333333333333311111111111111111111
222222222222222222222222
333333333333333333333333333333311111111111111111111
222222222222222222222222
333333333333333333333333333333311111111111111111111
222222222222222222222222
333333333333333333333333333333311111111111111111111
222222222222222222222222
333333333333333333333333333333311111111111111111111
222222222222222222222222
3333333333333333333333333333333
